iter,group_id,size_bytes,jct_us,fct_rank8_us,fct_rank9_us,fct_rank10_us,fct_rank11_us,fct_rank12_us,fct_rank13_us,fct_rank14_us,fct_rank15_us
0,1,157286400,17964.694,7707.789,8409.124,13032.061,17964.694,10463.641,11897.966,14195.338,14749.824
1,1,157286400,17680.167,7561.381,9140.195,12650.140,17680.167,10857.576,11606.581,14131.677,14826.676
2,1,157286400,17526.051,7167.090,8390.683,12754.691,17526.051,11011.019,11998.736,14310.706,14757.177
3,1,157286400,16632.723,7395.017,8705.230,13046.700,16632.723,11384.599,12367.683,14161.745,14713.124
4,1,157286400,16060.667,7277.479,9679.784,12710.256,16060.667,11147.489,12490.602,14648.240,14636.898
5,1,157286400,15533.571,7788.104,8821.676,13549.991,15533.571,11114.568,11651.878,14079.525,14402.185
6,1,157286400,18748.987,7366.614,8811.412,13769.453,18748.987,14246.394,12410.842,13764.614,14471.272
7,1,157286400,14910.286,8873.820,9775.508,13664.090,14910.286,11796.576,12594.691,14027.529,14683.556
8,1,157286400,15860.083,8325.252,9195.531,13604.946,15860.083,11350.250,12271.874,13634.490,14576.503
9,1,157286400,18098.398,7043.213,8887.191,14232.335,18098.398,11014.877,11907.304,15236.334,15968.170
10,1,157286400,16502.974,7550.326,8524.320,13558.093,16502.974,10733.255,12081.532,13875.073,14240.087
11,1,157286400,17149.655,7936.054,9824.160,13735.672,17149.655,11336.427,11883.400,13942.173,14452.699
12,1,157286400,17568.898,7706.930,8886.077,13117.656,17568.898,11595.201,12379.483,13550.028,14137.106
13,1,157286400,18476.568,7690.199,8707.456,13161.526,18476.568,12237.210,13378.585,13251.356,14251.371
14,1,157286400,18138.446,7788.213,8429.317,13468.677,18138.446,11449.010,12796.029,14016.910,14342.187
15,1,157286400,19889.494,7684.463,9235.596,14098.443,19889.494,11597.836,14219.895,14883.094,15447.720
16,1,157286400,19466.696,13160.695,9390.252,13026.502,19466.696,11482.557,12151.937,14138.664,14303.960
17,1,157286400,18140.861,7204.257,10138.304,11230.248,18140.861,9931.100,12254.565,14326.678,14623.759
18,1,157286400,17103.661,7197.826,8843.640,13201.120,17103.661,11482.356,12877.277,13663.158,13828.310
19,1,157286400,17230.961,7389.704,8116.738,13549.986,17230.961,11941.960,14002.588,14549.867,13726.588
20,1,157286400,17165.591,7743.275,8469.556,13673.820,17165.591,11590.172,13630.676,14550.746,13776.810
21,1,157286400,17344.585,7672.708,8521.849,13658.140,17344.585,12480.907,13384.332,14181.981,13925.694
22,1,157286400,17770.029,7627.391,7981.559,13830.131,17770.029,12233.557,12940.229,14515.592,13701.615
23,1,157286400,17523.246,7625.809,8253.054,13649.298,17523.246,12958.434,13650.414,13912.820,13426.305
24,1,157286400,18059.564,7808.594,8802.463,14069.363,18059.564,13050.855,13085.615,13750.417,14035.858
25,1,157286400,17906.907,7755.520,8120.278,14106.386,17906.907,13116.081,13410.349,13336.305,13791.068
26,1,157286400,19792.148,7660.141,7696.581,13695.648,19792.148,12989.869,12631.436,13493.634,14131.532
27,1,157286400,19023.445,7652.772,8822.787,12934.680,19023.445,13373.853,13873.634,12991.080,13959.697
28,1,157286400,18828.815,7571.307,8637.700,13289.359,18828.815,13278.993,13593.735,12880.278,14072.699
29,1,157286400,18670.598,7627.655,9196.535,13166.117,18670.598,13028.568,13738.702,13644.299,14481.235
30,1,157286400,18933.646,7554.699,8460.247,13210.813,18933.646,13070.690,13896.259,12647.048,14367.412
31,1,157286400,18561.273,7708.209,8711.856,13404.489,18561.273,12977.043,13840.008,13023.216,14175.599
32,1,157286400,19518.631,7337.776,8681.523,13575.195,19518.631,13448.869,12642.263,13614.530,14438.406
33,1,157286400,18514.236,7624.535,8686.139,13357.987,18514.236,13651.279,13315.955,12578.702,14137.661
34,1,157286400,18569.425,7479.381,8095.372,13569.520,18569.425,13278.766,13479.845,12804.316,13888.625
35,1,157286400,18130.758,7772.387,8049.665,13904.612,18130.758,12978.583,12671.885,13838.329,14157.363
36,1,157286400,17968.775,7647.928,7886.589,14054.941,17968.775,12796.969,13015.465,13376.972,13913.748
37,1,157286400,17721.185,8435.966,8031.800,14157.579,17721.185,12029.520,11862.539,13473.649,14489.228
38,1,157286400,18324.609,7396.076,8194.595,13633.077,18324.609,13412.472,13159.017,12570.238,13654.685
39,1,157286400,18343.859,7585.137,8176.177,13989.038,18343.859,12946.314,13068.658,12703.135,14093.960
40,1,157286400,17851.104,7428.559,7980.364,13477.782,17851.104,12247.556,12444.069,13734.349,13944.013
41,1,157286400,18739.430,7652.326,8805.209,13490.857,18739.430,12432.474,12487.141,14110.548,14574.765
42,1,157286400,18469.406,7607.940,8594.204,13181.406,18469.406,13169.082,12692.475,13699.728,14277.496
43,1,157286400,18512.446,7565.813,8397.026,13272.107,18512.446,13162.183,12843.214,13815.838,14040.434
44,1,157286400,18343.294,7672.496,8405.472,13738.945,18343.294,13150.569,13287.895,13603.193,13946.619
45,1,157286400,18845.143,7754.164,8183.355,13915.204,18845.143,12755.884,12848.333,14011.084,13681.298
46,1,157286400,18196.147,7695.885,8259.430,13833.374,18196.147,12727.016,13234.366,14294.048,13583.118
47,1,157286400,17847.474,11346.554,8193.188,13989.970,17847.474,13026.515,13162.052,13933.126,13659.754
48,1,157286400,17620.615,7664.480,8136.737,13956.534,17620.615,13180.787,13243.957,13890.520,13634.976
49,1,157286400,17529.194,8102.294,9119.922,14197.801,17291.226,13500.283,13627.469,17529.194,13279.950
50,1,157286400,17245.014,7720.795,8098.825,14023.623,17245.014,13347.180,13529.705,13223.417,13609.796
51,1,157286400,17484.777,7706.715,7913.730,14273.906,17484.777,12798.207,13049.925,13541.943,14059.102
52,1,157286400,16901.609,7291.764,9022.573,13254.032,16901.609,13092.011,12466.079,14080.344,14016.554
53,1,157286400,18182.819,7727.483,9400.994,13668.910,18182.819,13085.486,12633.982,14259.811,14471.507
54,1,157286400,17441.910,7505.783,9169.592,13549.380,17441.910,13000.658,13207.893,13737.516,13847.141
55,1,157286400,17286.118,7652.810,8689.075,14256.536,17286.118,12972.268,13228.441,13631.242,13939.084
56,1,157286400,18123.814,7707.896,8724.127,14299.038,18123.814,12840.507,12123.438,13881.417,14058.886
57,1,157286400,17630.566,7407.848,7742.726,14025.824,17630.566,13410.716,13048.934,13435.434,13435.879
58,1,157286400,17983.689,7698.388,8496.033,13868.362,17983.689,13332.119,13344.406,13455.129,13710.141
59,1,157286400,18441.387,7478.939,7769.516,13965.643,18441.387,13280.604,13286.556,13171.861,13641.202
60,1,157286400,18485.396,7841.002,7870.818,13897.482,18485.396,13464.670,13625.532,12689.327,13436.746
61,1,157286400,18746.688,9037.078,9032.371,13603.760,18746.688,12887.519,13482.429,13159.927,13895.665
62,1,157286400,18220.961,8340.837,8623.057,13843.540,18220.961,13038.512,13355.484,13515.968,13937.368
63,1,157286400,17938.740,8198.897,8429.518,14090.310,17938.740,12484.032,12983.663,13739.891,14260.455
64,1,157286400,17328.522,8238.337,8758.365,14493.657,17328.522,12606.065,12845.791,13660.480,14384.141
65,1,157286400,16700.409,7837.619,9257.754,14224.412,16700.409,12246.174,13398.042,13690.381,14109.089
66,1,157286400,17492.631,7699.768,8619.492,14172.247,17492.631,12570.864,13437.627,13013.593,13990.969
67,1,157286400,17786.830,7618.442,8494.722,13880.674,17786.830,12455.063,13276.737,13257.160,14145.591
68,1,157286400,18127.029,7625.623,8550.958,13985.849,18127.029,12811.914,13634.981,12921.969,13930.060
69,1,157286400,19213.647,7709.298,8320.498,13509.575,19213.647,12782.045,13342.801,13409.251,14033.946
70,1,157286400,18761.782,7704.907,8272.458,13471.214,18761.782,12740.947,13445.600,13255.735,14236.222
71,1,157286400,18538.951,7796.299,9041.952,13686.327,18538.951,13091.429,12771.226,13196.214,14610.143
72,1,157286400,18310.960,7550.956,8340.107,13756.835,18310.960,12895.019,12999.958,13278.202,14355.166
73,1,157286400,17867.706,7735.325,8273.375,13824.375,17867.706,12680.569,12726.291,13992.058,14389.428
74,1,157286400,17152.828,7648.692,8695.454,13281.576,17152.828,12823.173,13116.742,13650.391,14734.017
75,1,157286400,16560.606,7726.128,8399.473,13535.635,16560.606,13043.470,13460.158,13898.205,14384.037
76,1,157286400,16834.748,7677.836,9014.768,13821.539,16834.748,12851.433,13484.753,14000.153,14448.393
77,1,157286400,16842.347,7671.198,7921.160,13584.973,16842.347,12852.322,13436.471,13988.951,14129.880
78,1,157286400,16796.675,7678.571,8227.355,13750.957,16796.675,12413.107,13325.013,13870.218,14548.708
79,1,157286400,17283.469,7564.242,7863.564,13409.506,17283.469,12625.740,13138.283,14222.763,14416.785
80,1,157286400,17955.684,7582.488,7371.994,13412.909,17955.684,12266.029,12746.201,14045.837,14750.287
81,1,157286400,17227.594,7859.267,8777.464,13192.666,17227.594,12264.738,12844.813,14542.020,14731.773
82,1,157286400,17891.303,7543.537,8304.949,13186.454,17891.303,12419.850,12667.910,14327.551,14470.240
83,1,157286400,17772.081,7688.684,8516.081,13353.764,17772.081,12780.998,12586.209,14325.432,14432.742
84,1,157286400,18342.191,7647.694,8279.663,13152.768,18342.191,12439.275,13167.825,14394.448,13988.895
85,1,157286400,18321.394,7697.532,8352.279,13060.269,18321.394,12613.090,13282.188,14306.981,14155.643
86,1,157286400,18144.648,7558.900,7849.805,13552.797,18144.648,12566.036,12419.527,14367.110,14606.053
87,1,157286400,17613.995,7693.170,8164.381,13274.904,17613.995,12689.289,13320.142,13901.945,14272.378
88,1,157286400,17427.551,7683.217,8266.087,13653.164,17427.551,12936.492,13587.903,13560.745,14155.064
89,1,157286400,18168.094,7339.354,7250.944,13280.250,18168.094,12727.525,13064.906,14169.385,13963.467
90,1,157286400,17048.399,7632.434,8779.802,13968.794,17048.399,12389.574,13322.026,13863.986,14388.486
91,1,157286400,17268.765,7702.571,8273.348,13810.783,17268.765,12419.878,12892.470,13810.920,14718.717
92,1,157286400,18098.396,7725.914,8192.085,13818.184,18098.396,12049.652,12545.643,13898.122,14571.769
93,1,157286400,17827.652,7566.193,8538.986,13335.152,17827.652,12629.769,13188.530,14159.728,14244.825
94,1,157286400,17276.081,7773.593,8347.558,13256.175,17276.081,12720.208,13903.204,14298.136,13747.734
95,1,157286400,17827.377,7766.571,8084.778,13592.018,17827.377,12832.550,13526.887,14112.385,14042.872
96,1,157286400,17216.794,7708.779,8102.517,13400.749,17216.794,12698.231,13747.338,14005.083,13898.883
97,1,157286400,16851.487,7598.747,8116.857,13384.049,16851.487,13114.101,13845.437,13774.384,13872.865
98,1,157286400,17470.865,7529.429,7745.167,13357.939,17470.865,12893.691,13623.055,13880.457,14097.967
99,1,157286400,17522.942,7586.209,7721.573,13563.082,17522.942,13176.742,13462.444,13360.743,13983.480
100,1,157286400,18712.377,7582.938,7961.441,13503.920,18712.377,13261.990,13542.671,13340.574,13690.169
101,1,157286400,19214.571,7681.284,7951.725,13401.909,19214.571,13269.695,13523.663,13125.764,13830.343
102,1,157286400,19702.083,7787.619,8601.177,13485.126,19702.083,13031.545,13526.321,13446.081,13615.303
103,1,157286400,20974.819,7761.167,7972.355,13655.611,20974.819,12269.590,11963.941,14099.998,14192.828
104,1,157286400,19138.951,7618.777,8130.307,13131.453,19138.951,12732.963,13414.090,13580.920,14018.741
105,1,157286400,18899.968,7552.464,8340.960,13058.736,18899.968,13457.764,13109.213,13321.183,13899.283
106,1,157286400,18324.181,7631.646,8381.325,12979.719,18324.181,13900.464,13218.694,13236.990,13722.102
107,1,157286400,17947.483,7642.393,9099.221,12862.162,17947.483,13949.826,12945.448,13819.662,13959.502
108,1,157286400,18213.712,7727.669,8458.687,13081.562,18213.712,14069.065,13408.062,13479.794,13482.661
109,1,157286400,17861.092,7682.942,8904.239,13091.760,17861.092,13771.048,13698.161,13490.429,13736.085
110,1,157286400,16976.717,7657.819,8175.781,13702.065,16976.717,14075.611,13883.222,12954.366,13565.109
111,1,157286400,17157.041,7544.804,8196.733,13618.322,17157.041,13834.810,13909.768,13009.722,13655.858
112,1,157286400,18009.184,7574.215,7690.348,13267.497,18009.184,13604.469,13567.042,13514.208,13733.762
113,1,157286400,18260.639,7752.892,7978.150,13581.698,18260.639,13364.325,12799.002,13974.373,14253.785
114,1,157286400,19365.262,7559.596,7352.387,13275.855,19365.262,13202.537,13194.508,13875.608,14023.690
115,1,157286400,17996.065,7877.858,9127.717,12981.545,17996.065,13127.282,13628.005,14036.546,14102.986
116,1,157286400,18083.222,7805.079,8400.127,13007.591,18083.222,13319.206,13527.500,13773.634,13841.446
117,1,157286400,17521.622,7716.723,8415.210,13264.162,17521.622,13545.439,13730.126,13722.983,13787.975
118,1,157286400,17613.269,7627.184,9611.441,13789.634,17613.269,13140.157,13211.934,13600.918,14257.708
119,1,157286400,17714.263,7653.931,9050.541,13856.080,17714.263,13143.049,13300.172,13133.317,14235.240
120,1,157286400,18278.900,7512.100,8602.979,13615.814,18278.900,13547.771,13573.931,12851.882,13651.994
121,1,157286400,19124.953,7538.642,9281.601,13385.471,19124.953,13049.533,12726.529,13435.941,14697.649
122,1,157286400,18041.198,7618.937,9189.478,13367.198,18041.198,12682.084,13292.649,13190.810,14672.333
123,1,157286400,17905.674,7454.393,7936.418,13718.390,17905.674,13118.856,13312.669,13311.471,14033.192
124,1,157286400,17776.607,7541.881,8385.040,13793.678,17776.607,13462.974,13280.045,12536.417,14315.573
125,1,157286400,19215.741,7513.700,7620.113,13655.656,19215.741,13163.261,12655.613,13458.534,14420.178
126,1,157286400,19379.897,8653.425,8941.221,12983.540,19379.897,13130.929,13433.391,13107.521,14526.148
127,1,157286400,18065.037,8363.708,9259.178,13138.305,18065.037,12927.192,13058.839,13967.703,14988.654
128,1,157286400,17333.112,8073.536,9243.411,13082.962,17333.112,12857.484,13107.037,13690.020,14976.591
129,1,157286400,17493.985,7827.045,8612.598,13156.002,17493.985,13007.597,13172.114,13469.026,14793.894
130,1,157286400,18138.646,7796.003,8293.005,13426.805,18138.646,12885.148,13407.936,13538.362,14376.601
131,1,157286400,18345.500,8012.703,8130.941,13796.584,18345.500,13170.160,12910.037,12883.208,14560.891
132,1,157286400,18445.039,7680.192,8039.565,13504.988,18445.039,13105.120,13387.732,12847.102,14316.665
133,1,157286400,18866.456,7674.480,8354.799,13492.063,18866.456,12862.317,13229.460,13238.932,14567.130
134,1,157286400,18199.887,7684.494,8210.227,13369.684,18199.887,13085.874,13608.109,12785.363,14419.667
135,1,157286400,19066.476,7718.521,7942.055,13621.975,19066.476,12770.224,12870.037,13423.910,14231.713
136,1,157286400,18650.488,7644.941,8152.283,14154.881,18650.488,12762.447,13220.374,13132.618,14038.165
137,1,157286400,17988.599,7591.771,9004.242,13606.093,17988.599,12576.489,13151.076,13654.332,14656.163
138,1,157286400,17293.524,7704.525,9171.519,13597.027,17293.524,13171.219,13390.606,13166.805,14543.064
139,1,157286400,17203.113,7624.098,8473.876,13625.759,17203.113,13234.668,13401.438,13315.464,14210.777
140,1,157286400,17350.990,7671.851,8168.823,13391.231,17350.990,13332.120,13637.706,13420.091,13957.414
141,1,157286400,17682.509,8020.929,8503.953,13917.281,17682.509,13699.553,14048.080,13893.097,14077.920
142,1,157286400,18722.099,7189.655,7588.225,13346.538,18722.099,13200.209,12912.003,13467.374,14294.967
143,1,157286400,17963.963,7678.516,7927.327,13472.077,17963.963,13154.660,13076.272,13455.603,14439.998
144,1,157286400,19434.234,7975.300,8058.568,13535.246,19434.234,12432.477,12357.793,13949.834,14638.894
145,1,157286400,19283.194,7578.911,7832.257,13576.506,19283.194,12563.511,12750.592,13650.175,14588.527
146,1,157286400,17850.537,7708.276,8080.807,13087.947,17850.537,12848.803,13862.539,13858.089,13991.694
147,1,157286400,17558.739,7730.308,8076.087,13362.829,17558.739,12499.233,13317.996,14440.191,14519.509
148,1,157286400,17957.721,7682.022,8260.226,13346.231,17957.721,12808.827,13458.676,14360.939,13743.204
149,1,157286400,19876.907,7521.079,8105.984,12794.790,19876.907,13029.511,13397.726,14058.183,13711.740
150,1,157286400,19451.505,7767.559,9710.745,12874.049,19451.505,12828.543,13813.364,14309.588,14072.420
151,1,157286400,19282.898,7485.882,8195.864,12909.841,19282.898,12910.800,13605.243,13554.382,13921.891
152,1,157286400,18183.702,7092.976,10386.726,13021.524,18183.702,12901.345,13567.535,13974.150,14417.539
153,1,157286400,17426.594,7776.159,8638.978,13411.573,17426.594,12957.522,13847.185,13395.680,14070.051
154,1,157286400,18388.019,7700.998,8339.120,13409.210,18388.019,12940.126,13578.624,13672.554,14002.684
155,1,157286400,18107.589,8139.621,8580.395,13561.150,18107.589,13000.216,13750.800,13464.989,13787.567
156,1,157286400,18357.498,7706.928,8258.965,13557.785,18357.498,13592.636,13319.491,13159.751,13985.895
157,1,157286400,18390.325,7790.907,8102.049,13702.676,18390.325,13305.168,13486.393,13351.841,13676.064
158,1,157286400,18158.507,7459.031,7956.873,13339.887,18158.507,13148.487,13403.181,13187.301,13122.807
159,1,157286400,17851.398,7458.349,7933.167,14166.561,17851.398,12416.107,12949.621,13712.191,13121.753
160,1,157286400,18268.552,7700.085,8019.492,13299.353,18268.552,13187.461,13464.443,13990.869,13535.180
161,1,157286400,17784.241,7754.560,8847.990,13606.369,17784.241,13041.455,13406.258,13787.852,14031.131
162,1,157286400,17570.183,7731.853,8329.077,13478.060,17570.183,12939.145,13589.878,13966.561,13791.711
163,1,157286400,18012.587,7667.866,7944.180,13354.847,18012.587,12799.536,13526.433,13805.378,13971.768
164,1,157286400,19405.093,7568.407,8565.276,13731.001,19405.093,12268.551,13109.809,14098.508,14000.011
165,1,157286400,19798.489,9810.085,8322.549,13573.515,19798.489,12820.205,13346.623,13568.952,13934.181
166,1,157286400,19936.074,7570.429,7791.752,13782.460,19936.074,12158.611,13483.482,13619.634,13739.265
167,1,157286400,19268.742,7578.219,7698.736,13791.783,19268.742,11913.734,13092.237,13878.660,13582.848
168,1,157286400,18476.273,7665.711,8305.368,13604.081,18476.273,12494.155,13318.696,13500.514,14016.064
169,1,157286400,19417.981,7607.374,7946.314,13187.944,19417.981,13067.737,13879.904,13103.834,13682.476
170,1,157286400,19454.517,7922.243,8186.203,13472.940,19454.517,12877.576,13527.453,13257.912,13805.631
171,1,157286400,18515.503,7645.609,8402.006,12786.659,18515.503,13288.777,13844.171,13480.291,13901.822
172,1,157286400,20473.712,7942.957,11150.461,13429.656,20473.712,13900.500,13681.493,13943.596,14570.054
173,1,157286400,20376.340,7787.109,10670.131,13484.198,20376.340,12771.851,12634.846,13813.881,14659.825
174,1,157286400,20761.441,7764.543,9898.485,13431.193,20761.441,12250.336,12695.177,13778.444,14328.448
175,1,157286400,21039.521,7742.421,8970.395,12886.203,21039.521,12615.533,13075.302,13559.530,14165.664
176,1,157286400,19622.018,7627.958,8423.836,12770.254,19622.018,12087.512,12557.834,13898.280,14474.829
177,1,157286400,19706.566,7537.707,8545.473,13134.957,19706.566,12701.973,12991.894,13582.741,14114.222
178,1,157286400,20409.730,7708.044,8285.514,13457.906,20409.730,12703.978,12236.981,14435.704,13520.566
179,1,157286400,19340.540,7644.055,7918.783,13328.296,19340.540,12849.238,12790.413,14740.862,13372.400
180,1,157286400,19093.261,8144.551,8220.869,13489.276,19093.261,13108.590,12796.160,14580.168,13342.849
181,1,157286400,17689.807,7819.439,7790.953,13499.108,17689.807,12806.187,12772.444,15432.628,13554.778
182,1,157286400,17571.341,7907.644,8850.226,13468.150,17571.341,13204.761,13354.910,14562.591,13558.772
183,1,157286400,17712.747,7852.347,8322.167,13817.404,17712.747,13086.795,13532.453,13939.268,13434.192
184,1,157286400,18927.384,7569.764,8666.311,14081.346,18927.384,13210.197,12508.029,13682.006,13687.528
185,1,157286400,17746.716,7857.188,8846.290,14149.897,17746.716,13281.852,13731.684,13728.771,13298.468
186,1,157286400,17910.127,7799.498,9456.486,14086.617,17910.127,13523.338,13319.164,13709.310,14014.672
187,1,157286400,17557.405,7742.786,8433.914,13921.462,17557.405,13199.144,13647.345,13455.825,13587.136
188,1,157286400,17333.754,7711.325,8277.207,14196.294,17333.754,13288.243,13370.072,13237.712,13713.474
189,1,157286400,18355.237,7609.623,8067.758,14170.722,18355.237,13012.596,12973.704,13385.674,13860.814
190,1,157286400,18950.554,7706.591,8200.042,13750.403,18950.554,13246.164,13165.442,13401.904,13790.457
191,1,157286400,19286.089,7701.415,7972.682,13598.801,19286.089,12364.048,12503.424,13779.160,14997.779
192,1,157286400,19829.010,7685.991,7849.170,14082.877,19829.010,12220.723,12427.444,13233.307,15078.276
193,1,157286400,19437.556,7627.363,8187.974,13726.281,19437.556,12227.081,12212.536,12928.115,15544.599
194,1,157286400,19197.510,7626.296,8853.255,13361.948,19197.510,12768.722,13053.304,12803.594,14987.236
195,1,157286400,18908.341,7669.175,8612.580,13497.484,18908.341,12443.629,13283.437,13054.733,14646.255
196,1,157286400,18580.396,9150.874,9434.281,13582.922,18580.396,12587.406,13183.618,13252.373,14670.838
197,1,157286400,17876.816,8283.061,8595.842,13528.682,17876.816,12792.166,13421.585,13375.496,14288.211
198,1,157286400,17585.060,8115.681,8599.962,13510.926,17585.060,12768.593,13466.543,13311.203,14528.562
199,1,157286400,18819.746,8064.244,9171.494,13499.104,18819.746,13029.662,13209.300,13340.806,14811.782
200,1,157286400,18336.561,8088.551,8706.288,13559.774,18336.561,12631.436,13303.724,13370.662,14237.087
201,1,157286400,18226.151,7678.005,8211.253,13343.861,18226.151,12813.337,13257.846,13270.816,14274.494
202,1,157286400,17730.898,7357.204,9749.831,13259.493,17730.898,13089.546,12573.785,13677.924,14825.083
203,1,157286400,17462.302,7683.354,8282.823,13186.601,17462.302,13782.207,13434.994,12892.863,14169.718
204,1,157286400,17866.881,7616.505,7978.954,13606.897,17866.881,13719.196,13357.563,12414.098,14194.286
205,1,157286400,17338.960,7669.689,8110.291,13335.157,17338.960,13762.767,13557.845,12582.355,14018.757
206,1,157286400,17897.623,7741.486,8706.793,13701.838,17897.623,13712.587,12839.478,13388.161,14334.589
207,1,157286400,17568.486,7676.468,8261.905,13366.350,17568.486,13803.001,13538.392,13004.645,13850.205
208,1,157286400,17393.681,7718.562,8231.371,13554.135,17393.681,13498.311,13696.500,12778.432,14122.071
209,1,157286400,17230.515,7531.088,8631.513,13645.170,17230.515,13017.970,13908.549,13089.679,14245.920
210,1,157286400,17418.250,7635.040,8290.112,13583.246,17418.250,13001.343,13811.758,13366.252,13891.448
211,1,157286400,17439.999,7757.621,11562.796,13985.493,17439.999,12989.941,14105.031,14358.048,15199.672
212,1,157286400,17052.824,7627.092,8407.233,13595.143,17052.824,13185.088,13692.171,13075.946,14146.243
213,1,157286400,16827.482,7583.956,8166.382,13202.579,16827.482,13623.654,13985.583,13273.303,13922.861
214,1,157286400,17303.735,7502.448,8048.407,13781.325,17303.735,12913.414,13574.350,13597.180,14116.991
215,1,157286400,16934.262,8050.574,8618.421,13963.618,16934.262,13630.030,13908.746,12800.843,13800.723
216,1,157286400,16672.251,7731.958,8678.240,13924.429,16672.251,13394.564,13814.990,12828.284,14042.714
217,1,157286400,17423.277,7189.517,9781.216,12651.242,17423.277,13334.635,13512.210,13584.083,14402.575
218,1,157286400,17655.386,7530.456,8357.100,13696.595,17655.386,12990.941,13724.289,13048.533,14048.403
219,1,157286400,16852.477,7511.581,8073.633,13525.413,16852.477,13459.807,14116.963,13068.617,13584.244
220,1,157286400,16484.949,7525.520,8978.715,13833.512,16484.949,13158.113,14001.597,13556.783,13851.089
221,1,157286400,16989.555,7685.433,8317.410,13702.558,16989.555,13031.835,14053.028,13676.586,13745.020
222,1,157286400,17039.166,7775.585,8424.423,13717.095,17039.166,13496.117,13560.404,13429.163,13910.176
223,1,157286400,18113.521,7420.780,7747.418,13914.658,18113.521,13620.533,12947.791,13265.247,13895.122
224,1,157286400,17430.292,7651.050,8191.717,13391.604,17430.292,13377.939,13892.649,13221.130,13824.298
225,1,157286400,18138.440,7845.586,10395.009,13841.374,18138.440,13797.452,14058.014,13432.829,14754.983
226,1,157286400,19023.882,7637.851,9120.542,13684.818,19023.882,13458.201,13863.620,13370.583,14310.506
227,1,157286400,20247.761,8197.547,8948.026,13771.407,20247.761,12738.334,13123.551,13936.007,14627.434
228,1,157286400,20202.849,7914.417,8692.966,13464.039,20202.849,12376.689,12992.625,13601.399,14333.781
229,1,157286400,18842.632,7677.745,8960.663,12150.817,18842.632,12413.815,13111.064,13851.821,14789.254
230,1,157286400,18503.567,7590.425,8433.891,13044.018,18503.567,12815.596,13475.781,13306.972,14331.985
231,1,157286400,18711.473,7838.385,8631.670,13188.630,18711.473,12749.071,13049.223,13708.989,14462.031
232,1,157286400,17906.067,7228.614,8194.767,12847.828,17906.067,12895.790,13171.451,13782.871,14191.058
233,1,157286400,19014.191,7578.063,8413.525,13311.290,19014.191,12197.130,12596.155,14274.416,14485.857
234,1,157286400,17882.016,7623.226,8287.979,13258.653,17882.016,13326.357,13905.582,13092.638,14113.664
235,1,157286400,17601.023,7700.179,8203.833,13227.805,17601.023,13520.194,13758.908,12976.306,14130.057
236,1,157286400,17333.357,7543.403,7930.678,13308.306,17333.357,13379.486,13587.745,13187.827,14244.828
237,1,157286400,17453.166,7727.924,7619.059,13406.044,17453.166,13085.461,13024.323,13961.046,14181.608
238,1,157286400,17749.495,7808.172,8031.329,13815.755,17749.495,12666.028,12226.743,14192.643,14859.682
239,1,157286400,16575.615,7733.568,9275.025,13583.099,16575.615,12398.398,13197.563,14263.461,14611.952
240,1,157286400,16716.099,7643.246,8652.588,13488.673,16716.099,12277.723,13610.258,14557.636,13733.138
241,1,157286400,16878.341,7699.305,8810.952,14172.655,16878.341,12116.540,13372.213,14551.926,13910.983
242,1,157286400,17072.996,7760.184,8371.146,13684.671,17072.996,12012.424,13089.730,14583.706,13974.404
243,1,157286400,17665.280,7712.596,9024.303,14246.211,17665.280,12217.774,12934.043,14177.805,13931.155
244,1,157286400,19867.977,6929.179,9823.747,14902.751,19867.977,13521.118,14153.251,15020.484,15498.399
245,1,157286400,20302.989,7711.891,8689.744,13806.991,20302.989,11567.081,13292.618,14747.370,13742.446
246,1,157286400,18909.630,7708.650,8511.323,13528.303,18909.630,11802.081,13116.195,14548.625,13912.187
247,1,157286400,18038.650,7632.079,8080.051,13585.136,18038.650,12117.514,13015.247,14487.366,14339.802
248,1,157286400,18006.632,7690.979,8288.365,13851.176,18006.632,12095.885,13009.688,14103.560,14403.302
249,1,157286400,17950.541,7690.516,8030.103,14249.206,17950.541,12084.404,13117.791,13755.050,14031.574
250,1,157286400,17511.658,7624.019,8161.799,14513.193,17511.658,11752.364,13178.502,13441.459,14058.717
251,1,157286400,17336.823,7740.471,7827.213,15214.139,17336.823,12509.945,12951.350,13289.616,13641.510
252,1,157286400,17766.256,7445.449,8863.081,14382.733,17766.256,12379.800,12815.859,13665.280,14252.438
253,1,157286400,18260.532,7698.994,9079.620,14338.376,18260.532,12626.533,12313.052,13489.755,14301.474
254,1,157286400,18161.896,7686.634,8823.157,13835.969,18161.896,13006.131,13413.490,13270.415,13731.705
255,1,157286400,18408.286,7706.539,8584.195,14351.351,18408.286,12517.262,13130.250,13212.176,13915.742
256,1,157286400,18103.443,7613.534,8117.344,14124.004,18103.443,13149.621,13497.943,13167.012,13705.889
257,1,157286400,17669.945,7727.008,8952.765,14053.459,17669.945,13038.653,13555.666,13310.062,13785.342
258,1,157286400,17648.387,7672.463,8488.582,13996.086,17648.387,12997.909,13627.409,13209.228,13798.939
259,1,157286400,17495.131,7687.581,8376.860,14051.087,17495.131,12874.205,13749.769,13297.134,13802.729
260,1,157286400,17605.284,7666.995,8426.559,14122.077,17605.284,12979.001,13618.135,13389.309,13596.078
261,1,157286400,18382.189,7698.493,8390.176,14159.490,18382.189,12948.286,13109.873,13702.063,13837.938
262,1,157286400,17456.471,7642.253,8632.481,14206.979,17456.471,12652.914,13771.875,13601.692,13623.469
263,1,157286400,17621.902,7655.074,8837.596,14089.134,17621.902,13480.425,13024.576,13306.327,14118.790
264,1,157286400,17874.650,7622.581,8356.696,14057.256,17874.650,13263.718,13658.704,13267.761,13574.560
265,1,157286400,18253.898,7854.004,8444.075,14287.328,18253.898,12982.959,12604.468,13806.773,14025.256
266,1,157286400,18535.455,7577.316,7522.471,13758.546,18535.455,13237.829,13068.759,12987.207,13790.783
267,1,157286400,17228.547,7626.778,8796.103,13945.959,17228.547,13301.296,13690.340,13213.192,13794.364
268,1,157286400,16919.231,7659.694,8934.209,13575.623,16919.231,13353.377,14003.055,13051.433,14087.582
269,1,157286400,16803.132,7600.656,8498.154,13532.306,16803.132,13324.472,13931.057,13189.180,13928.508
270,1,157286400,16431.264,7705.454,9449.643,13565.395,16431.264,13554.842,14087.966,13488.805,14298.542
271,1,157286400,16933.502,7683.146,8320.371,13565.689,16933.502,13221.650,13623.147,13319.496,14268.379
272,1,157286400,17081.521,7659.692,8276.911,13671.715,17081.521,13163.664,13549.362,13228.318,13973.549
273,1,157286400,18104.303,7576.653,8201.017,13521.454,18104.303,12530.993,13296.123,13566.999,14668.584
274,1,157286400,18657.945,7688.542,8443.876,13898.122,18657.945,12338.155,13425.345,13250.681,13900.180
275,1,157286400,19830.272,7494.993,7747.157,14103.824,19830.272,12204.169,12262.753,13792.336,14142.274
276,1,157286400,19167.951,7478.204,7823.810,14335.208,19167.951,12185.920,12942.865,13089.668,14036.403
277,1,157286400,19353.905,7701.219,8229.366,14326.359,19353.905,12526.785,13198.279,12895.152,13768.484
278,1,157286400,18901.910,7963.634,8300.458,13974.741,18901.910,12223.464,13773.388,13382.014,13504.942
279,1,157286400,18002.793,7637.561,8277.288,14159.717,18002.793,12529.064,13751.663,13086.434,13706.996
280,1,157286400,17851.275,7733.456,8304.666,13890.505,17851.275,12213.465,13821.856,13573.003,13675.836
281,1,157286400,16964.550,7552.199,9362.384,13709.954,16964.550,11802.696,13480.467,14453.937,14161.173
282,1,157286400,16424.810,7703.246,8550.124,13648.583,16424.810,12691.451,13683.772,13790.431,14056.657
283,1,157286400,17065.348,7680.602,8288.675,13903.122,17065.348,12869.099,13427.642,13701.840,14159.454
284,1,157286400,17212.461,7744.333,9403.228,13943.068,17212.461,12913.159,13495.652,13844.675,14174.912
285,1,157286400,16923.331,7656.557,8342.981,14045.973,16923.331,12918.367,13464.677,13840.329,13809.869
286,1,157286400,17458.045,7785.305,7856.246,14031.987,17458.045,12756.763,13079.941,14007.962,13772.917
287,1,157286400,17751.925,7620.912,8104.556,14314.307,17751.925,12599.175,12476.239,14151.491,14187.036
288,1,157286400,17901.164,7648.035,8167.401,13893.177,17901.164,12804.851,12809.330,13967.076,13846.676
289,1,157286400,18529.769,7620.106,8264.843,13807.149,18529.769,13058.555,12903.293,13671.127,13749.527
290,1,157286400,17306.359,8028.006,8956.895,13550.032,17306.359,12516.433,13420.681,14014.446,14204.666
291,1,157286400,17572.896,7577.009,7905.908,13529.201,17572.896,12837.883,13272.619,13939.721,13907.660
292,1,157286400,18244.370,7457.335,8597.435,13487.308,18244.370,12673.070,12381.199,14406.187,14482.298
293,1,157286400,17319.679,7672.049,8422.881,13649.873,17319.679,12606.039,13577.285,13543.569,14220.193
294,1,157286400,17770.789,7451.876,8337.358,13814.377,17770.789,12450.771,13233.143,13311.884,14539.884
295,1,157286400,16921.080,7701.479,8715.449,13837.335,16921.080,13098.530,13394.650,13247.411,14401.846
296,1,157286400,16894.584,7626.066,7900.897,13703.710,16894.584,13102.655,13756.989,13309.132,14003.298
297,1,157286400,16690.572,7764.292,8592.690,14001.113,16690.572,12789.242,13685.639,13568.074,14204.269
298,1,157286400,16550.852,7671.189,8472.951,13818.801,16550.852,13320.949,13660.771,13451.898,14134.255
299,1,157286400,17564.062,7738.233,8187.060,13788.228,17564.062,13443.778,13310.159,13258.370,13995.950
300,1,157286400,17439.483,7583.840,8824.652,13534.609,17439.483,13276.723,13680.132,13538.735,13986.863
301,1,157286400,16958.109,7652.749,8513.091,13576.831,16958.109,13552.777,13736.029,13482.816,13764.327
302,1,157286400,16323.079,7589.553,8281.105,13586.918,16323.079,13459.327,13835.658,13735.911,13873.735
303,1,157286400,17566.890,7846.596,7986.073,13554.674,17566.890,13515.146,13421.574,13473.961,13888.068
304,1,157286400,17543.897,7692.853,8424.169,13919.557,17543.897,12783.397,13370.110,13560.429,13983.052
305,1,157286400,17286.386,7796.742,8563.544,13462.535,17286.386,13417.325,13766.777,13379.419,13846.158
306,1,157286400,17413.543,7591.914,8167.196,13346.119,17413.543,13358.782,13768.864,13382.459,13816.153
307,1,157286400,18125.771,7452.865,8041.516,13587.966,18125.771,13293.451,13778.670,13209.925,13918.132
308,1,157286400,20358.336,7560.555,7917.500,13708.767,20358.336,12984.856,13225.047,12788.151,13958.544
309,1,157286400,21738.601,7584.517,7805.555,13698.603,21738.601,12998.198,12772.244,13045.543,14308.605
310,1,157286400,20657.330,7599.565,11495.054,13391.491,20657.330,12765.794,13056.326,14274.000,14800.864
311,1,157286400,19071.013,7634.449,8502.086,13198.731,19071.013,13466.780,13548.411,12553.451,13745.274
312,1,157286400,18457.850,7716.232,8444.555,13779.910,18457.850,13284.928,13703.110,13015.662,13555.664
313,1,157286400,18632.321,7662.835,8127.835,13837.269,18632.321,13224.337,13653.043,12919.323,13565.725
314,1,157286400,19198.162,7560.784,7806.119,13805.534,19198.162,13622.311,13175.253,13171.223,13731.542
315,1,157286400,19435.656,7734.423,8137.382,13878.316,19435.656,13554.033,12838.360,13141.969,13789.142
316,1,157286400,17915.939,7860.706,8961.050,13754.048,17915.939,12960.457,13738.510,13268.572,13819.174
317,1,157286400,17662.981,7665.620,8147.946,14086.394,17662.981,13379.865,13296.846,13120.307,13746.465
318,1,157286400,18241.050,7621.085,7931.922,13808.945,18241.050,12990.383,13214.938,13687.381,13914.974
319,1,157286400,18474.099,7729.390,8229.747,14245.658,18474.099,12551.289,12765.012,13577.483,14388.281
320,1,157286400,18702.631,7666.931,8211.691,14409.872,18702.631,12887.502,13094.765,13014.588,13963.469
321,1,157286400,18122.423,7058.813,9637.027,14433.777,18122.423,11955.997,13373.701,13149.237,14219.119
322,1,157286400,18280.912,7742.978,8749.119,14418.533,18280.912,12926.463,13734.444,12584.582,13714.851
323,1,157286400,18012.595,7571.955,8340.584,14033.382,18012.595,13182.418,13429.591,12690.258,13748.176
324,1,157286400,18131.192,7700.106,8050.254,14005.478,18131.192,12862.691,13459.562,13082.554,13859.661
325,1,157286400,18219.699,7840.241,7970.848,13849.334,18219.699,12843.615,13594.922,12920.231,13930.776
326,1,157286400,18236.913,7709.164,7893.863,13560.340,18236.913,13314.013,13955.771,13095.085,13531.762
327,1,157286400,17480.093,7665.758,8269.290,13094.523,17480.093,13213.414,14353.772,13457.173,13649.260
328,1,157286400,17329.458,7651.033,8470.091,13300.724,17329.458,13270.392,14154.482,13307.978,13856.155
329,1,157286400,16917.342,7645.818,8329.555,13375.470,16917.342,13471.883,13794.016,13592.610,13876.847
330,1,157286400,16969.370,7640.296,8156.891,13208.604,16969.370,13539.591,13710.931,13706.133,13756.484
331,1,157286400,16948.668,7634.486,7985.083,13592.758,16948.668,13071.118,13474.116,13904.732,14240.030
332,1,157286400,17062.657,7458.780,7757.836,13900.357,17062.657,12752.423,12489.388,14436.015,14415.410
333,1,157286400,16971.785,7574.766,7830.882,13729.260,16971.785,13157.582,12989.640,14047.806,14237.360
334,1,157286400,16915.360,7756.377,8152.367,13749.215,16915.360,13211.468,12801.773,13952.107,14470.818
335,1,157286400,18217.593,7636.325,8258.277,13752.954,18217.593,13975.391,12562.462,13417.852,14248.963
336,1,157286400,18355.257,7628.896,7740.332,13621.571,18355.257,13048.605,12807.765,13549.509,14250.392
337,1,157286400,17770.045,7767.825,8295.285,13462.427,17770.045,13049.533,13491.520,13576.490,14109.176
338,1,157286400,17877.015,7557.363,8470.683,13186.481,17877.015,12582.757,13390.979,14141.294,14473.722
339,1,157286400,17266.783,7707.537,8751.626,13458.215,17266.783,12605.984,13387.842,13539.668,14710.514
340,1,157286400,16601.284,7721.649,8112.502,13490.248,16601.284,12969.050,13827.403,13409.983,14535.545
341,1,157286400,16256.013,7650.514,8585.266,13419.570,16256.013,12811.704,13809.632,13606.842,14524.904
342,1,157286400,16250.510,7706.730,8474.917,13482.344,16250.510,12752.470,13784.813,13755.078,14522.380
343,1,157286400,16485.004,7616.788,8263.231,13346.062,16485.004,13152.874,13866.519,13501.519,14257.975
344,1,157286400,18225.182,7696.216,8221.273,13970.711,18225.182,12304.165,12679.380,13903.284,14808.399
345,1,157286400,18560.434,7300.412,8073.293,13576.753,18560.434,12304.603,13060.886,13630.446,13858.666
346,1,157286400,19726.140,7777.252,7539.544,13592.780,19726.140,12797.265,13186.875,12866.132,13919.490
347,1,157286400,19982.544,7764.170,8773.722,13632.708,19982.544,12545.548,12097.488,13438.131,14335.775
348,1,157286400,19407.633,8044.055,8587.086,13243.595,19407.633,12985.898,12396.960,13412.745,14395.746
349,1,157286400,19636.103,7542.444,8391.153,13144.301,19636.103,13400.698,13120.092,13293.060,13838.814
350,1,157286400,19334.734,7620.053,8209.562,12631.532,19334.734,13817.070,13035.292,13621.528,13722.566
351,1,157286400,18582.452,7792.819,8435.765,13085.106,18582.452,13745.155,13321.816,14783.615,13633.223
352,1,157286400,18635.281,7750.611,8588.740,13056.348,18635.281,13677.731,13084.800,14099.488,13925.210
353,1,157286400,18828.181,7592.582,8562.064,13185.992,18828.181,13039.948,13105.424,14189.817,13854.613
354,1,157286400,18354.629,7508.679,9155.172,12750.299,18354.629,12889.347,12248.537,13998.389,14192.110
355,1,157286400,17105.115,7599.609,8171.853,13464.798,17105.115,13122.956,13300.437,14078.087,13897.853
356,1,157286400,16689.939,7750.394,8282.840,13512.124,16689.939,13429.019,13525.080,14141.195,13832.359
357,1,157286400,16890.560,7645.057,8219.916,13493.706,16890.560,13732.180,13367.259,14137.253,13739.502
358,1,157286400,17920.533,7430.854,7895.400,13653.630,17920.533,13283.254,12617.399,13775.826,13970.901
359,1,157286400,16653.727,7721.935,8727.254,13779.968,16653.727,13375.384,13458.622,13888.381,14208.404
360,1,157286400,16469.568,7822.926,8167.491,13736.368,16469.568,13127.470,13198.825,14175.586,14133.841
361,1,157286400,16946.092,7705.166,7738.269,13785.880,16946.092,12894.372,12971.304,14169.109,14142.877
362,1,157286400,17058.596,7785.519,8685.222,13263.018,17058.596,13434.170,12839.420,13961.198,14451.782
363,1,157286400,17100.319,7648.230,8346.097,13535.212,17100.319,13651.103,13139.474,13929.201,13811.806
364,1,157286400,17773.926,7698.360,8569.133,13558.195,17773.926,13232.842,12978.613,13932.556,14166.370
365,1,157286400,16958.150,7716.936,8163.993,13722.720,16958.150,13364.267,13327.686,13945.199,13776.766
366,1,157286400,16932.502,7673.172,7837.025,13449.073,16932.502,13397.318,13343.985,14116.332,13657.169
367,1,157286400,18228.857,7504.864,7503.702,13709.682,18228.857,13459.949,13223.808,13593.268,13658.759
368,1,157286400,17937.506,7721.690,7808.799,13459.361,17937.506,12910.093,13200.599,13916.281,13909.008
369,1,157286400,18087.757,7732.195,7822.987,13997.623,18087.757,12732.402,12677.452,13803.914,14185.771
370,1,157286400,17500.445,7656.562,8348.993,13855.934,17500.445,12618.566,13399.684,13808.783,13841.776
371,1,157286400,18281.910,7790.780,9772.216,14202.695,18281.910,12925.063,13194.661,14330.134,14382.237
372,1,157286400,17793.065,7713.307,8077.555,13582.101,17793.065,12882.519,13313.566,13843.265,13615.140
373,1,157286400,17844.886,7806.823,8589.641,13458.603,17844.886,13615.098,13480.248,13930.865,13665.780
374,1,157286400,17816.468,7731.835,8403.228,13050.815,17816.468,13408.862,13517.182,13902.234,13780.458
375,1,157286400,17112.352,7611.265,8113.757,13979.912,17112.352,13212.299,13466.158,13352.478,13815.266
376,1,157286400,16759.996,7568.683,8611.920,13853.794,16759.996,12868.356,13680.679,13290.336,14171.705
377,1,157286400,16199.165,7606.991,8284.879,13779.376,16199.165,13706.766,13818.468,13395.675,13829.925
378,1,157286400,17207.901,7718.237,7714.519,13569.502,17207.901,13381.289,13579.682,13613.492,13934.871
379,1,157286400,18142.624,7591.846,8021.942,13328.676,18142.624,13251.218,13496.227,13370.458,13970.270
380,1,157286400,18716.180,7679.091,8210.239,13281.099,18716.180,13249.495,13780.827,13439.087,13955.832
381,1,157286400,17554.006,7737.930,8181.921,13668.573,17554.006,12060.888,13101.989,14087.609,14728.751
382,1,157286400,18322.587,7872.940,9228.862,14108.948,18322.587,12571.023,12825.119,14402.649,14513.848
383,1,157286400,18375.339,7757.494,8706.082,13755.309,18375.339,12831.258,12069.215,14034.803,14060.958
384,1,157286400,17911.561,7741.972,8209.657,14154.463,17911.561,12872.286,13279.215,13331.168,13610.698
385,1,157286400,18726.308,7723.609,8771.730,13537.021,18726.308,13010.743,12895.509,13584.285,14036.001
386,1,157286400,17796.387,7779.426,8884.842,13893.185,17796.387,13003.776,13680.948,13142.659,13933.286
387,1,157286400,18155.657,7700.095,8181.985,13829.477,18155.657,12814.857,13795.613,13359.231,13612.831
388,1,157286400,18129.217,7700.133,8343.849,13689.567,18129.217,13062.849,13604.104,13487.944,13855.462
389,1,157286400,18060.473,7733.104,7739.799,13610.548,18060.473,13091.714,13595.856,13354.176,13642.331
390,1,157286400,17410.036,7654.218,8271.205,13624.372,17410.036,12897.146,13661.528,13719.523,14009.873
391,1,157286400,17908.027,7703.031,8285.521,13549.155,17908.027,13283.443,13242.640,13544.546,13900.677
392,1,157286400,17660.388,7661.239,8899.391,13910.028,17660.388,13118.058,13787.161,13452.853,14112.626
393,1,157286400,18765.714,7351.119,7784.347,13857.587,18765.714,12776.031,12520.375,13626.245,14540.199
394,1,157286400,18748.194,7777.004,8929.999,13815.867,18748.194,12747.603,13098.538,13195.182,14354.826
395,1,157286400,18883.756,7957.984,8195.192,14180.848,18883.756,12765.774,12415.511,13257.651,14287.106
396,1,157286400,18454.770,7600.364,7953.790,13979.576,18454.770,13030.132,12995.784,12932.215,14167.673
397,1,157286400,18600.359,7874.446,8276.064,14393.798,18600.359,12440.261,12280.925,13797.956,14199.056
398,1,157286400,18516.638,7742.678,7910.778,13936.559,18516.638,12879.787,13043.193,13271.317,14214.620
399,1,157286400,18123.590,7514.145,8069.095,13797.653,18123.590,12864.900,13387.695,13596.463,13795.581
400,1,157286400,17136.453,7740.101,9141.225,14052.292,17136.453,13103.288,13627.573,12867.659,14208.222
401,1,157286400,17389.518,7842.565,8627.779,13942.972,17389.518,13355.297,13321.319,12561.531,14192.120
402,1,157286400,16835.637,7658.171,8408.382,14077.404,16835.637,13312.635,13918.513,12600.610,13783.759
403,1,157286400,16666.078,7670.518,8523.809,14004.498,16666.078,13103.150,14037.389,13077.170,13834.814
404,1,157286400,16425.714,7096.752,9848.787,14031.311,16425.714,12808.569,13719.663,14317.647,13170.001
405,1,157286400,16840.662,7663.087,8011.032,14195.048,16840.662,13201.097,14024.781,12915.838,13640.094
406,1,157286400,17875.692,7565.140,8023.249,14205.411,17875.692,13485.043,13246.505,12725.734,13756.502
407,1,157286400,17600.379,8065.113,9296.837,14105.428,17600.379,12929.790,13839.362,13039.051,13923.109
408,1,157286400,17970.551,7810.476,8431.043,14064.367,17970.551,13272.466,13087.265,12955.455,13768.399
409,1,157286400,17366.559,7392.661,8740.605,14279.982,17366.559,13175.871,13602.980,13183.934,14009.947
410,1,157286400,16558.038,7688.930,8498.662,14085.821,16558.038,13319.648,14023.271,13147.113,13640.069
411,1,157286400,17253.616,7755.615,8528.365,14028.651,17253.616,12881.728,13259.914,13376.732,14222.428
412,1,157286400,17038.623,7668.861,8463.386,13843.437,17038.623,13147.137,13473.608,13359.850,14118.877
413,1,157286400,16531.264,7609.921,8287.355,13926.112,16531.264,13306.667,13949.945,12964.114,13905.986
414,1,157286400,16494.084,7601.684,8158.370,13812.957,16494.084,13414.576,13956.101,13236.100,13618.128
415,1,157286400,17529.760,7609.744,7719.956,13919.706,17529.760,13322.743,13709.909,13303.640,13387.289
416,1,157286400,17405.246,7701.964,8093.681,14006.519,17405.246,13325.712,13787.437,13054.709,13491.565
417,1,157286400,18251.493,7743.140,8042.837,14017.994,18251.493,13697.411,13549.979,13030.331,13325.683
418,1,157286400,17562.371,7654.853,7835.387,14211.643,17562.371,13103.793,13695.092,13052.501,13893.110
419,1,157286400,18055.522,7763.303,8417.639,14432.337,18055.522,13093.830,13113.090,13637.331,14127.019
420,1,157286400,17557.454,8686.359,8987.645,13823.600,17557.454,12800.232,13278.968,13291.482,14397.807
421,1,157286400,17466.797,7643.849,9917.426,13943.523,17466.797,12194.251,13246.862,13664.874,14487.278
422,1,157286400,16945.827,8050.116,8329.341,13825.646,16945.827,12948.843,13405.271,13289.113,14321.742
423,1,157286400,18175.442,7928.641,8734.208,13474.161,18175.442,12800.335,12975.987,13521.425,14660.186
424,1,157286400,18056.207,7889.880,8614.111,13432.214,18056.207,13175.310,13597.501,13115.535,14281.142
425,1,157286400,17342.295,7759.950,9207.216,13340.327,17342.295,12533.619,13866.317,13311.424,14214.610
426,1,157286400,17630.831,7537.405,8237.033,13641.214,17630.831,12835.611,13732.922,13349.734,13935.009
427,1,157286400,17727.270,7667.664,8417.230,13637.419,17727.270,12956.060,13793.289,13184.217,14000.589
428,1,157286400,18298.697,7491.573,7986.136,13992.139,18298.697,12731.336,13558.519,12812.879,13876.251
429,1,157286400,19024.908,7719.146,8145.604,13962.227,19024.908,12471.694,13760.306,12898.272,13889.103
430,1,157286400,18857.621,7718.591,8366.970,13939.464,18857.621,12690.079,13728.908,12888.313,13910.122
431,1,157286400,19453.541,7832.874,13940.547,14476.231,19453.541,11686.321,13546.746,14203.162,15447.115
432,1,157286400,19254.823,7756.829,8716.535,13854.868,19254.823,12042.448,13411.582,14032.569,14653.343
433,1,157286400,18574.126,7861.531,8586.779,13627.933,18574.126,12113.735,13072.697,13603.840,14862.423
434,1,157286400,17541.704,7532.299,8831.497,13067.208,17541.704,12778.553,13348.832,13603.746,14664.541
435,1,157286400,17449.391,7646.794,8814.991,13155.631,17449.391,12351.023,13489.428,13637.742,14650.136
436,1,157286400,17431.713,7497.716,8522.506,13012.195,17431.713,12879.759,13224.943,13901.134,14588.160
437,1,157286400,18545.963,7494.628,8178.408,13228.229,18545.963,12709.626,13029.764,13888.763,14537.434
438,1,157286400,19238.734,7608.881,8296.478,13288.190,19238.734,12648.161,12416.478,14107.560,14582.149
439,1,157286400,17699.304,7827.965,8314.139,12952.281,17699.304,12984.800,13751.036,13715.015,14332.181
440,1,157286400,17689.165,7697.015,8587.413,13318.951,17689.165,12699.702,13394.932,13415.211,14808.044
441,1,157286400,17633.710,7729.443,8497.222,13331.635,17633.710,13239.219,13386.606,13344.433,14881.441
442,1,157286400,17750.720,7696.091,8015.864,13403.066,17750.720,13575.027,13464.756,12686.846,14278.280
443,1,157286400,17990.191,7615.959,8187.505,13404.613,17990.191,13708.867,13190.541,12702.621,14352.158
444,1,157286400,17105.075,7704.274,8077.314,13882.094,17105.075,13077.899,12987.594,13265.540,14712.871
445,1,157286400,16542.830,7644.347,9570.468,12904.163,16542.830,13553.870,13335.525,13895.309,14645.812
446,1,157286400,16808.635,7577.942,8619.396,13022.815,16808.635,13883.126,13431.210,13389.819,14320.889
447,1,157286400,16896.943,7670.020,8422.318,13178.174,16896.943,13954.590,13397.312,13263.497,14279.301
448,1,157286400,17797.832,7655.543,8078.176,13167.480,17797.832,13757.926,13018.298,13339.421,14326.679
449,1,157286400,18195.449,7561.328,8171.841,13496.904,18195.449,13198.492,13097.303,13159.253,14252.488
450,1,157286400,17594.159,8091.214,8564.887,13714.913,17594.159,13223.637,13522.154,13459.112,13827.297
451,1,157286400,17532.993,7989.441,8748.062,14207.074,17532.993,13196.121,13669.877,13184.870,13976.928
452,1,157286400,17721.070,7807.684,8526.701,13840.222,17721.070,13281.567,13366.304,12857.247,14194.533
453,1,157286400,17720.877,7684.245,7877.904,13837.670,17720.877,13419.919,12899.665,13070.349,14117.132
454,1,157286400,16540.202,7787.727,8834.085,13710.003,16540.202,13352.364,14008.301,13034.504,14212.029
455,1,157286400,17627.028,7628.021,7957.796,13887.469,17627.028,13412.791,13206.183,13178.503,13847.111
456,1,157286400,16714.468,7619.647,8562.108,13723.139,16714.468,13350.338,14189.550,12912.292,14038.377
457,1,157286400,16953.182,7595.701,8213.215,12998.203,16953.182,12940.005,13821.800,13886.228,14239.309
458,1,157286400,16547.870,7631.117,8329.338,13424.569,16547.870,12792.069,13773.316,14069.384,13964.816
459,1,157286400,16746.361,7714.190,8840.898,13334.168,16746.361,12532.480,13838.216,13958.308,14055.967
460,1,157286400,16661.062,7742.457,8696.654,13732.871,16661.062,12502.792,13333.902,13971.512,14178.603
461,1,157286400,16620.635,7480.360,8098.024,13534.063,16620.635,12592.841,13560.592,14128.421,13968.481
462,1,157286400,16502.301,7706.216,8473.044,13527.154,16502.301,13030.137,13275.441,14674.672,14092.069
463,1,157286400,16745.174,7711.639,7963.205,13650.905,16745.174,12841.007,13511.072,14310.746,14091.304
464,1,157286400,18369.601,7577.107,7458.254,13309.365,18369.601,12895.172,13022.875,14053.650,13893.799
465,1,157286400,18765.708,7526.032,8405.536,13361.233,18765.708,12994.612,12318.407,13973.782,14449.624
466,1,157286400,18083.419,7660.260,7951.181,13931.590,18083.419,12707.931,13023.201,13744.839,14093.890
467,1,157286400,16923.941,7596.966,9073.686,13935.689,16923.941,12269.059,13136.247,13824.973,14266.621
468,1,157286400,16484.479,7632.826,7884.261,14438.791,16484.479,12588.805,12598.920,14058.523,14367.076
469,1,157286400,16108.189,7652.642,8531.992,13534.501,16108.189,13181.894,13546.786,13897.121,14369.797
470,1,157286400,16476.140,7649.376,8537.805,13800.536,16476.140,12632.927,13483.889,14089.134,14206.771
471,1,157286400,16729.700,7805.315,9618.335,14094.552,16729.700,12746.056,13323.324,14281.265,14602.791
472,1,157286400,16689.183,7701.910,8667.551,13706.400,16689.183,12662.477,13441.331,13677.399,14128.049
473,1,157286400,16786.597,7611.192,8570.126,13863.082,16786.597,12828.987,13723.983,13672.694,13877.245
474,1,157286400,16704.419,7669.127,8528.266,14186.133,16704.419,12776.532,13643.722,13502.551,13915.608
475,1,157286400,17290.714,7670.970,8366.395,13995.433,17290.714,13030.729,13324.225,13453.474,14158.662
476,1,157286400,17179.337,7620.950,7429.570,13925.840,17179.337,12684.175,13241.034,13660.686,13839.597
477,1,157286400,16331.486,7642.967,8363.541,14053.633,16331.486,12865.504,13642.517,13504.188,14164.041
478,1,157286400,17730.887,7505.773,7230.694,14321.427,17730.887,13000.864,13200.737,13612.914,13867.292
479,1,157286400,17226.340,7826.697,7799.320,14083.605,17226.340,12983.870,12881.462,13675.597,13965.270
480,1,157286400,18803.262,7639.386,7731.591,13890.639,18803.262,13134.726,12574.206,13758.410,14139.377
481,1,157286400,19674.106,7661.755,8205.698,12975.607,19674.106,12939.678,13276.198,13919.582,13823.967
482,1,157286400,19502.164,7611.609,7942.393,13205.331,19502.164,12815.953,12474.009,14435.166,14002.805
483,1,157286400,17379.179,7712.308,8445.730,13211.304,17379.179,12822.273,13748.448,13906.253,13988.476
484,1,157286400,17709.984,7638.033,8162.872,13399.971,17709.984,13269.112,13534.599,13674.843,13854.413
485,1,157286400,18403.907,7826.087,9092.078,13488.618,18403.907,13153.782,13467.630,13968.322,14268.286
486,1,157286400,17997.117,7692.108,8353.959,13402.537,17997.117,13190.062,13692.696,13564.658,13815.390
487,1,157286400,18109.379,7621.447,8072.152,13733.704,18109.379,13148.434,13495.597,13333.131,13790.202
488,1,157286400,18385.617,7592.515,7784.465,13744.685,18385.617,13464.289,13291.632,13350.743,13402.096
489,1,157286400,18590.602,7794.504,8058.426,13686.333,18590.602,13601.116,13447.993,12859.467,13760.306
490,1,157286400,17777.624,7724.715,8454.191,13647.683,17777.624,13528.328,13715.002,12615.585,13936.776
491,1,157286400,17675.636,7655.166,8361.832,13734.387,17675.636,13237.371,13645.399,12994.851,14050.091
492,1,157286400,19794.418,7081.869,7219.869,13028.496,19794.418,13003.262,12594.838,13692.789,14584.289
493,1,157286400,19200.127,7661.684,8643.235,13138.738,19200.127,13060.861,13319.557,13608.961,14302.515
494,1,157286400,19130.270,7658.539,8307.906,13272.810,19130.270,13080.880,13321.599,13449.192,14137.865
495,1,157286400,18516.403,7712.429,8461.925,13632.245,18516.403,13006.747,13233.201,13602.267,14123.600
496,1,157286400,18907.258,7678.566,7997.225,13476.347,18907.258,13147.217,13182.142,13580.915,13931.260
497,1,157286400,18505.670,7702.686,7989.154,13914.587,18505.670,12955.382,12989.157,13635.243,13862.385
498,1,157286400,18015.432,7617.927,7970.694,14234.203,18015.432,12914.532,13496.696,12860.097,13810.248
499,1,157286400,18767.525,7694.512,8081.283,14071.041,18767.525,13088.332,13590.250,12818.926,13611.791
